GLOBAL AVG DIARIZATION ERROR RATE (DER): 8.09%

        diarization error rate      total    correct            false alarm      missed detection           confusion           
                             %                                %                %                          %                    %
item                                                                                                                            
EN2002a              17.088363   1196.358    991.920  82.911637         0.0  0.0            2.601  0.217410   201.837  16.870953
EN2002b              10.321752    969.816    869.714  89.678248         0.0  0.0            3.021  0.311502    97.081  10.010249
EN2002c               3.749532   1810.306   1742.428  96.250468         0.0  0.0            2.000  0.110479    65.878   3.639053
EN2002d              16.992353   1169.326    970.630  83.007647         0.0  0.0            2.218  0.189682   196.478  16.802671
ES2004a              16.635072    604.530    503.966  83.364928         0.0  0.0            1.280  0.211735    99.284  16.423337
ES2004b              10.520927   1702.464   1523.349  89.479073         0.0  0.0            1.610  0.094569   177.505  10.426359
ES2004c               2.062310   1662.165   1627.886  97.937690         0.0  0.0            2.290  0.137772    31.989   1.924538
ES2004d              14.061086   1315.190   1130.260  85.938914         0.0  0.0            2.494  0.189630   182.436  13.871456
IS1009a              11.684763    466.950    412.388  88.315237         0.0  0.0            0.836  0.179034    53.726  11.505729
IS1009b               2.596848   1506.788   1467.659  97.403152         0.0  0.0            1.941  0.128817    37.188   2.468031
IS1009c               1.048485   1336.786   1322.770  98.951515         0.0  0.0            3.654  0.273342    10.362   0.775143
IS1009d               2.899037   1258.970   1222.472  97.100963         0.0  0.0            3.178  0.252429    33.320   2.646608
TOTAL                 8.094903  14999.649  13785.442  91.905097         0.0  0.0           27.123  0.180824  1187.084   7.914079