GLOBAL AVG DIARIZATION ERROR RATE (DER): 1.77%

        diarization error rate      total    correct            false alarm      missed detection           confusion          
                             %                                %                %                          %                   %
item                                                                                                                           
EN2002a               3.310297   1196.358   1156.755  96.689703         0.0  0.0            2.601  0.217410    37.002  3.092887
EN2002b               3.013046    969.816    940.595  96.986954         0.0  0.0            3.021  0.311502    26.200  2.701543
EN2002c               1.565150   1810.306   1781.972  98.434850         0.0  0.0            2.000  0.110479    26.334  1.454671
EN2002d               2.308851   1169.326   1142.328  97.691149         0.0  0.0            2.218  0.189682    24.780  2.119170
ES2004a               2.851141    604.530    587.294  97.148859         0.0  0.0            1.280  0.211735    15.956  2.639406
ES2004b               0.942869   1702.464   1686.412  99.057131         0.0  0.0            1.610  0.094569    14.442  0.848300
ES2004c               0.904303   1662.165   1647.134  99.095697         0.0  0.0            2.290  0.137772    12.741  0.766530
ES2004d               2.664482   1315.190   1280.147  97.335518         0.0  0.0            2.494  0.189630    32.549  2.474852
IS1009a               2.556162    466.950    455.014  97.443838         0.0  0.0            0.836  0.179034    11.100  2.377128
IS1009b               0.767328   1506.788   1495.226  99.232672         0.0  0.0            1.941  0.128817     9.621  0.638511
IS1009c               0.764670   1336.786   1326.564  99.235330         0.0  0.0            3.654  0.273342     6.568  0.491328
IS1009d               1.916964   1258.970   1234.836  98.083036         0.0  0.0            3.178  0.252429    20.956  1.664535
TOTAL                 1.769188  14999.649  14734.277  98.230812         0.0  0.0           27.123  0.180824   238.249  1.588364